   2.0000000e+00   1.2314651e+00   1.1884357e+00   2.1346660e-01   1.5208566e-01  -2.8381389e-01   6.6395082e-01  -1.1074806e-01   8.6224824e-01   2.5712130e-01  -2.4744035e+00
   2.0000000e+00   8.4568557e-01   1.8777477e-01  -5.2441249e-01  -6.5444938e-01  -2.3445722e-01   5.6810569e-01   1.5765268e+00   1.8184491e-01   6.2455019e-01   1.1678449e-01
   2.0000000e+00  -1.5813792e+00  -1.0481070e-01  -1.1268055e-01   2.6040465e-01   6.9129370e-01  -4.0033442e-01  -3.7394231e-01  -7.3929925e-01   6.9744770e-01   1.7614562e+00
   2.0000000e+00   1.5543227e+00   3.4983972e-01   7.6794698e-01  -1.3030300e+00   1.5146157e-02  -1.4324221e+00   6.3071844e-01   4.2148860e-01  -4.0623104e-01   8.0407839e-01
   1.0000000e+00  -5.9610208e-01   1.1866573e+00   6.7065655e-01  -5.9344016e-01   1.0786233e+00   1.7793337e-01   6.8682229e-01   9.6223682e-01  -1.9183353e+00   8.1913539e-02
   2.0000000e+00   8.6203982e-01  -1.1244854e+00  -1.1828266e+00  -6.6987956e-01  -1.0920993e+00   1.0974877e-01  -2.7595234e+00  -1.1201340e+00   8.5303617e-01   1.8393325e-01
   1.0000000e+00  -8.9648835e-01   6.9815268e-01   3.6895274e-01   1.1261478e-01  -1.5365064e+00   1.7092452e+00  -1.3880093e-01   4.3200176e-01   2.3215906e-01  -3.9669830e-01
   2.0000000e+00   9.5833114e-02  -3.0124917e-01   7.4636420e-01  -3.8250257e-01   4.9398886e-02   5.8962256e-01  -1.1627066e+00  -1.5793267e+00   1.0355341e+00  -7.2993208e-01
   2.0000000e+00  -1.8133865e+00  -5.3052492e-01  -1.1261719e+00  -7.5174791e-01   9.8038331e-01   1.5995652e-01  -2.9778705e-01  -1.5877388e+00  -1.0861914e+00  -9.3068472e-01
   2.0000000e+00   5.1807653e-01  -7.8727837e-01   1.7651030e+00  -1.4054448e+00  -9.8270876e-01  -5.6617374e-01  -7.8013359e-01  -4.1992634e-02  -7.1200957e-01  -1.2804661e+00
   1.0000000e+00   1.9924930e-02   3.9243122e-01   2.2854622e-01   2.0174728e+00  -5.3955357e-01   4.4985484e-01   9.7133229e-01   2.8187892e-01   4.7244706e-01   4.4157179e-01
   2.0000000e+00  -3.1375483e-01   7.0994364e-02   7.6594685e-01   7.6496355e-01  -5.5728035e-01  -3.7445464e-01  -1.0221690e+00   2.9308207e-01   1.4816423e+00   2.2994452e+00
   2.0000000e+00   5.1057312e-01  -1.5787278e+00   1.3727997e+00   5.5873342e-01   2.3255491e-02   1.0928555e+00  -1.4852258e+00   1.1355519e-01  -2.6026118e-01  -3.3526122e+00
   2.0000000e+00   3.3964958e-01   1.0381494e+00  -5.7306959e-01   4.4859761e-01  -8.3127454e-01  -1.3308646e+00   1.2987770e+00  -1.6727798e+00  -1.5275642e+00   8.4882316e-01
   2.0000000e+00  -7.0777448e-01   1.4060619e+00  -1.2312080e+00   2.0823060e-01  -2.6205601e+00  -2.0073826e-01  -1.6510993e-01   6.7474817e-01  -1.5099031e-01  -2.5327581e-02
   2.0000000e+00  -1.8964853e+00  -1.1932719e+00  -1.4310051e-01   2.2957739e-01   6.7625258e-01   8.8396898e-01   1.5695815e+00   2.7164887e-01   1.3616072e-02  -7.3308199e-01
   2.0000000e+00  -1.7874318e+00  -1.1276085e+00  -7.3367838e-01  -8.5340185e-01  -1.1634675e+00  -2.8028226e-01   8.0632923e-01   1.4232645e-01   1.4227413e+00   9.3676889e-01
   2.0000000e+00  -4.4046784e-01  -1.8307046e-01   1.8882890e-01  -1.4048961e+00  -3.5785425e-01  -4.9175387e-01  -2.0077392e+00   1.3831394e-01   6.6162239e-01   1.1992286e+00
   1.0000000e+00  -2.6407911e-01  -1.2121183e+00   4.2233743e-01   6.3848098e-01  -1.1618588e-01  -5.9178029e-01   6.4822461e-01  -2.1732788e+00  -1.6572661e+00  -6.1758174e-01
   2.0000000e+00   1.9051094e+00  -5.9328455e-01  -1.4453501e+00   5.6724989e-01   4.5002673e-01  -5.0378519e-02   1.1271260e+00   4.0518850e-01  -6.1476212e-01   2.0035290e+00
   2.0000000e+00   4.1188706e-01  -5.9945093e-01  -3.9578939e-01  -2.8120393e-01  -5.1417150e-01  -1.5073648e+00   2.7360325e-01   1.2597836e-01   1.1729842e+00   1.8262188e+00
   2.0000000e+00  -2.8092157e-01  -2.9778061e-01   5.8992170e-01  -9.6724922e-01   2.1492866e+00   1.3530213e+00  -1.4648615e+00  -9.1585878e-01  -7.3520218e-01   1.7436100e+00
   2.0000000e+00   1.6793309e-03   6.8378194e-02   2.1259945e-01  -7.4018081e-01   1.4938158e+00   7.0690262e-01   2.2812835e+00  -9.1090032e-03  -1.1967268e+00   1.1492656e+00
   2.0000000e+00   4.9729220e-01   1.0625448e+00  -8.5006113e-01   5.0693248e-01  -1.9178878e+00   8.9683150e-01  -2.9133305e-01   2.5174352e-01   1.1472667e+00   7.3308195e-01
   2.0000000e+00   7.6329694e-01  -1.0787118e+00  -1.8282928e-01  -7.2562997e-02  -8.5105484e-01  -3.6834993e-01  -1.4641176e+00   1.6671086e+00  -1.0715727e-01   1.7597089e+00
   2.0000000e+00  -1.0499224e-02   1.7604144e-01  -1.7454443e+00   7.5942371e-01   1.1355556e+00  -7.5908543e-01   3.8861816e-01  -1.2537744e-02  -1.0066586e+00  -3.0840588e-01
   2.0000000e+00  -8.1018924e-01  -9.9075748e-02  -1.1233467e+00   1.4143491e+00   2.6685653e-01  -6.3726422e-02  -1.0998114e+00  -9.4448767e-01  -6.1953610e-01   3.8904564e-01
   2.0000000e+00  -1.6874809e+00  -1.8536053e+00  -1.4767059e+00  -7.6181450e-01   3.9619379e-01   1.0739142e+00   2.3049328e-01  -7.5163101e-01  -4.4777165e-01   1.1618015e+00
   2.0000000e+00  -2.3349416e+00  -7.4631251e-01  -7.7274367e-01   3.7913426e-01  -9.2874726e-01   3.0390548e-01  -5.0547590e-01  -5.7807534e-01  -1.6638703e-02  -2.3500044e+00
   2.0000000e+00  -1.7776748e-01  -2.0239749e+00  -1.0465714e+00   7.8443955e-01   8.3055192e-01   3.8091773e-01   3.6478486e-01  -1.3559724e+00  -5.0475462e-01   1.5635066e+00
   2.0000000e+00   7.9803770e-01   5.4811985e-01   5.8115315e-01  -1.6858756e-01   5.5665714e-01   4.8062513e-01  -5.3667358e-01  -3.4596294e-01   1.1448940e+00  -8.0783907e-01
   2.0000000e+00   1.2303178e+00   4.7969381e-01  -6.1836007e-01   6.1673545e-01   6.5964450e-01  -7.7079901e-01   1.1566495e+00  -1.6533260e+00   8.2796627e-01   9.1797394e-01
   2.0000000e+00  -3.5926324e-01   4.1708401e-01   1.4108196e+00   1.8569980e+00  -1.1270882e+00  -1.1559202e+00   1.1402093e+00   7.1584115e-01  -6.0880292e-01  -2.9815550e+00
   2.0000000e+00   5.6862003e-01  -1.8249439e+00   1.7138771e-01   1.3044425e-01  -1.2835361e+00  -7.9639980e-01  -8.9135011e-01  -4.2253081e-02  -2.2349609e+00  -1.5484108e+00
   2.0000000e+00   9.9113751e-02   8.4001324e-01  -3.9580780e-01   4.1803885e-02   6.2086048e-01  -3.9419804e-01   1.0865723e+00  -1.6361647e+00  -1.8142836e+00   1.3372354e+00
   2.0000000e+00   3.5665607e-02  -3.8127025e-01  -1.7556694e-02   3.6733941e+00   6.9881350e-01   6.6343588e-01  -1.3320566e-01  -3.0363647e-01   1.2799870e+00  -9.9973621e-01
   2.0000000e+00   1.1403209e+00   3.0214448e-01  -6.6952967e-01  -1.7833349e+00   6.8749757e-01  -1.0016547e+00   1.3989067e-01   3.6777672e-01  -1.0880952e+00  -8.3799493e-01
   2.0000000e+00   2.4761096e+00  -1.1800968e+00  -1.5643601e+00  -9.7598370e-01   4.3695795e-01  -2.2358063e-01  -1.3558499e+00  -7.7523699e-01   2.2751543e+00  -2.7178389e-01
   2.0000000e+00  -9.3922618e-01  -9.9713491e-01   1.2619112e+00  -5.8924360e-01  -3.2095338e-01   2.6056973e+00  -2.0215705e-01   1.8669471e+00   1.4090121e+00  -5.0857146e-02
   2.0000000e+00  -5.8818220e-01  -7.9075032e-01  -4.6995545e-01   1.0412006e+00  -3.3014055e-01  -1.0977491e+00  -6.6909345e-01   1.9283231e+00   3.1544123e-01   5.6192509e-01
   2.0000000e+00  -3.8691250e-01   2.6620579e-01  -1.0253388e+00  -6.1183575e-01  -1.3159186e-01   6.2522890e-01   1.3142451e+00   6.6412296e-01   6.9277095e-01  -2.0244217e+00
   1.0000000e+00   9.7250148e-01   6.5262492e-01   6.6555690e-01   2.3229344e-01  -2.7012913e-01  -2.9019435e-01   1.0448374e+00   2.6847344e-01  -1.7046650e-02   2.8694115e-01
   2.0000000e+00  -7.1185780e-02  -4.0335110e-01   7.4475699e-01   1.1756282e+00   1.4239523e+00  -3.4872448e-01  -7.1649615e-01   9.3110540e-01  -6.7053950e-02  -6.9810656e-01
   2.0000000e+00  -1.5420184e+00   1.1755767e+00  -1.1542056e-02   5.5624078e-01   4.6111663e-01   6.0433386e-01  -8.7953937e-01   1.0768711e+00   3.2619579e-01   4.0305128e-02
   2.0000000e+00  -8.8886419e-01   1.6989822e+00  -6.9991307e-04  -2.2138362e-01   4.1348831e-01  -2.3225584e-01   3.8229797e-01   3.9143596e-01  -3.1679579e-01  -6.0970782e-01
   2.0000000e+00   3.2167342e-02  -8.5255037e-02  -1.5085142e+00   1.5720585e+00   1.1274133e+00  -4.8103770e-01   3.0174106e-01   4.7002615e-01   9.4573085e-01  -9.4219548e-01
   2.0000000e+00  -4.0521089e-01  -1.0568062e+00  -5.4300518e-01  -9.4058278e-01  -1.7831625e+00   1.7581409e-01   6.3286842e-02   1.3038931e+00  -1.1458955e+00  -8.2672046e-01
   2.0000000e+00  -8.0845824e-01  -4.7581228e-02  -1.1927907e+00  -7.7842266e-02   8.2184953e-01  -9.8222332e-03  -1.5097515e+00  -2.3014212e+00  -1.6974398e+00  -8.1889949e-01
   2.0000000e+00   1.4027219e-01   7.7776340e-02   1.7858275e-01   5.1734524e-01   6.3803752e-01  -1.3539094e-02  -1.2395096e+00   2.3813363e-01   2.6299641e-01  -1.7540103e+00
   2.0000000e+00   8.0494273e-01   8.9168464e-01  -1.6594761e+00  -3.3303214e-02   1.1915401e-01   1.5261955e+00   1.4793063e+00  -8.2519933e-01  -5.4928124e-01  -3.1451013e-01
   2.0000000e+00   7.7935310e-02   6.3162812e-01  -6.5091930e-01  -3.0686569e-01   5.3730127e-01   1.3186213e-01  -1.5666787e+00   7.5453972e-01   5.0160401e-01  -1.3448874e+00
   2.0000000e+00  -2.1794294e+00   2.0558218e-01   1.5236879e+00   7.8034481e-01  -1.0361272e+00  -1.3291449e-01  -3.0071560e+00  -1.2097933e+00  -6.6053211e-01   6.4997358e-01
   2.0000000e+00  -6.1940253e-01  -1.2871070e+00   1.1300967e+00  -8.4878651e-02   1.9803370e+00  -2.7369961e+00  -3.1550964e-01  -1.1913294e+00  -3.8348861e-01   3.9069179e-01
   2.0000000e+00  -1.0880054e+00   4.6361003e-01   1.0506368e+00  -2.7659925e-01  -5.6817810e-01   1.3966966e+00   2.1488182e+00  -1.5249356e+00   1.1523331e+00   3.1306360e-01
   2.0000000e+00   8.5496637e-01  -4.2624519e-01  -1.7100515e+00   9.8864209e-01  -1.1034720e+00   5.4137609e-02  -9.1276445e-01  -1.1467211e-01  -1.8886673e+00  -1.5792543e+00
   1.0000000e+00  -7.3892516e-01   1.8928548e+00   3.6770062e-01  -1.0639006e-01   2.8566581e-01   4.8192401e-01  -1.3583385e+00  -5.0930842e-02  -6.4922981e-01  -2.8234472e-01
   2.0000000e+00   5.5741088e-01   9.6135030e-01   3.6956817e-01   1.3983443e+00  -8.0463461e-01   4.7122157e-01   4.4487508e-01   3.3287027e-01   9.7172121e-02  -1.4695563e+00
   2.0000000e+00   1.7581321e+00  -1.8246238e+00  -1.3717572e+00   5.3795930e-02  -8.1566137e-01   1.3401551e+00   1.4901150e+00   7.6696409e-01  -1.6232629e-01   1.1888974e+00
   1.0000000e+00  -1.3367411e+00   1.0335387e+00   8.8342199e-02   9.8014898e-01   7.0489108e-01   9.3545807e-01  -1.9672372e+00  -2.0568083e+00   5.9448591e-01  -3.1317955e-01
   2.0000000e+00  -3.0577598e-01   6.0222990e-01  -4.0912274e-01   7.4591672e-01  -1.6989377e+00   6.8724465e-01  -3.9865825e-01   1.5681765e-01  -1.0511655e+00   7.5017984e-01
   2.0000000e+00  -1.3058963e+00  -1.6667408e+00  -5.1220069e-01  -1.0391239e-01   7.2876350e-03   6.5785314e-01  -1.4834705e-01   2.0381218e+00  -1.8682430e-01  -9.4927197e-02
   2.0000000e+00  -8.1342735e-01  -1.1377897e+00  -2.3467844e-01   7.2105014e-02   8.6508883e-02   1.1199109e+00   4.1362646e-01   1.0663018e+00   1.7826526e-01   2.6307049e+00
   2.0000000e+00   2.0555733e-01   5.6517309e-01  -6.7969713e-01   5.0297346e-01  -4.1768438e-01   4.2209386e-01   2.4229280e+00   8.6002238e-01  -2.4602452e-01  -6.6676693e-01
   2.0000000e+00  -5.5645532e-01   1.0286615e+00  -2.4509980e+00  -1.6393195e-01  -1.3322634e+00   6.7116486e-01   4.4736220e-01   1.9610651e+00   1.3729618e+00  -2.8845780e-01
   2.0000000e+00   1.4800003e+00  -2.0968479e-01   6.6863148e-01  -1.0863345e+00   3.4177708e+00  -4.3928418e-01  -1.3971854e+00  -5.2120068e-01   6.5836871e-01   2.0028795e-02
   1.0000000e+00   1.0103370e-01  -7.6868828e-01   1.4289281e-01   2.2352811e-02   6.4987370e-01   8.2804232e-01   1.8400698e-01   4.0215004e-01   1.7379330e+00  -5.2193039e-01
   2.0000000e+00  -1.1437536e+00   9.9581096e-01  -3.3779280e-01  -1.1439705e+00   2.6102379e+00   1.4123871e+00   2.9303592e-01   2.9693531e-01   2.5011786e+00   5.9332566e-01
   1.0000000e+00   3.5549089e-01   1.4475409e+00   2.9926524e-02  -6.6958037e-01   4.7931254e-01  -1.4913448e+00   3.6046087e-01  -7.7567502e-02   2.6766828e-02  -7.7279589e-01
   2.0000000e+00  -1.0127393e+00   1.0045641e+00  -4.0573018e-01  -4.1442504e-01  -5.0685074e-01  -2.2929701e-01  -1.3887190e+00  -7.5068157e-01  -1.0308924e+00   2.1772601e-01
   1.0000000e+00   1.4744813e+00   4.6915429e-01   6.6171217e-01   4.1056800e-03   3.1052372e-01  -1.6616966e+00   4.0630435e-01  -1.3005704e+00  -2.9751253e-01  -8.5467683e-03
   2.0000000e+00   7.0588623e-01   2.9283634e-01  -8.5219724e-01  -3.2980996e-01   3.8826065e-01  -1.6264228e+00   6.2172724e-01  -7.1923075e-01   4.1034254e-01   5.8049366e-02
   2.0000000e+00   1.1164760e+00   1.5983101e-01  -5.6640957e-01  -5.5558406e-01  -2.1793038e+00  -1.4096850e+00   1.1776462e+00  -4.1272915e-01   5.6233218e-02   9.7409301e-01
   1.0000000e+00  -5.3467888e-01   2.6485772e-02   7.8910333e-02   7.3463837e-01  -5.1829824e-01   8.1358860e-01  -8.2451866e-01   2.2573446e-01  -1.4346151e+00   7.5730721e-02
   2.0000000e+00   1.4395669e+00   7.2053756e-01   5.4353017e-01  -9.6681490e-01   4.1168554e-01  -1.0200838e+00  -9.4225341e-01  -1.2521583e-01   8.0300483e-01  -1.5971639e+00
   1.0000000e+00   1.2734633e-01   2.4384433e+00   5.7267227e-02   7.9451277e-01  -7.2541877e-01   5.2584231e-01  -2.1589513e-01   1.9658614e+00  -1.1219945e+00  -2.8434688e-01
   2.0000000e+00  -9.7433384e-02   9.8873568e-01   5.7525261e-01   9.9816796e-01   1.6775717e-01   8.3566220e-01   1.1442991e+00  -3.5452418e-01   1.3861217e-02   6.9996289e-01
   2.0000000e+00  -2.3376928e+00   8.9509690e-01   8.4630401e-01  -2.6677949e-01  -5.9772246e-01  -1.2551634e+00  -9.3734234e-01  -1.1038461e-01  -8.3323961e-01   6.3698670e-01
   2.0000000e+00  -3.2510806e-01  -1.9623090e+00  -1.2629189e+00  -8.9396508e-01   5.8361507e-01  -6.3337733e-01   1.5389314e+00  -2.6775178e+00   1.2349068e+00   4.6378659e-02
   2.0000000e+00  -7.0008236e-01   1.4464991e-01  -1.8083630e-01   6.3856753e-01  -8.4076256e-01   7.7861396e-01   5.6807547e-01   1.0543278e+00   2.7195488e-02  -3.3479821e-01
   1.0000000e+00   1.2191806e+00   1.2209454e+00   6.1017147e-01   2.3311869e+00  -1.4402166e+00   5.5369927e-01  -1.0898814e+00   1.5732233e-01   2.5976073e+00  -4.6101897e-01
   2.0000000e+00   1.1132704e+00  -4.4667837e-01  -2.3852998e+00   1.1602747e-01  -1.6900603e-01  -1.7293421e-01   3.4382784e-01  -2.4874265e-01  -6.7968161e-01   1.9657201e+00
   1.0000000e+00   3.9215791e-02   4.0843884e-01   7.3539958e-01  -1.5511941e+00  -6.3231722e-01  -8.3776254e-01   8.9759788e-01  -1.1724528e+00  -6.4395776e-01   4.0485048e-01
   2.0000000e+00  -5.9201731e-01  -8.8454577e-01  -3.7748748e-02  -1.5224042e+00   1.1217193e+00  -6.1600599e-01   4.8934820e-01  -2.2575497e+00  -3.6453764e-01   4.0616782e-01
   1.0000000e+00   3.5145799e-01   8.7282075e-01   2.6358703e-03  -4.2396393e-01   2.0389917e-01  -1.2272219e-01  -1.1056913e+00   2.5861524e-01  -7.1746524e-01   8.6142589e-03
   2.0000000e+00   9.9363580e-02   9.9206661e-01  -1.4533109e+00   4.9870796e-02  -1.1587206e+00   5.5982428e-01  -2.1391080e-01   1.4286313e+00   5.0804203e-01   3.6170263e-01
   2.0000000e+00   1.1254249e-01  -6.4169704e-01  -3.4194843e-01  -2.1694210e+00   4.7025886e-01   2.8561370e-01  -1.1886802e+00   2.0037116e-01   3.1954941e-01   1.3184991e+00
   1.0000000e+00   1.0253854e+00   8.5748769e-01   1.7492597e-02  -1.4387999e+00   4.9589705e-01   1.1378813e+00   2.4133413e+00   1.5581007e+00   2.5820591e-01   8.3648811e-02
   2.0000000e+00   1.3614586e+00  -1.6727698e+00   3.8876162e-01   1.2959400e+00  -1.6751445e+00   1.0270082e+00   7.0148941e-01   1.1600477e+00  -1.0330812e+00  -2.0624433e+00
   2.0000000e+00   1.6545169e+00   7.5873142e-01  -2.4100893e+00   2.1055175e+00  -1.5210278e+00  -4.0235900e-01   2.0629235e+00  -1.1951765e+00   8.7983353e-01  -3.9647942e-01
   2.0000000e+00   5.4283560e-01  -1.0025809e+00   1.4009431e+00   7.0879121e-01  -7.0710659e-01  -7.4881719e-01  -4.1922026e-01   1.2939115e+00   7.8728977e-02  -8.1320931e-01
   2.0000000e+00  -2.0642466e-01   9.7639265e-01  -1.6822652e+00  -3.1733289e-01   8.8672757e-01  -7.4186389e-01  -2.9263381e+00   1.2843491e+00   1.1696465e+00  -2.7489465e-01
   2.0000000e+00  -9.7789125e-01   7.8866767e-02  -6.6473614e-01  -3.7133927e-01  -1.2425846e+00   7.4355047e-01   5.2536723e-01   6.5642733e-01   9.7284816e-01   1.4066557e+00
   2.0000000e+00  -2.1310188e-01   5.9969050e-01  -1.7684404e-01  -4.2313837e-01  -5.3903773e-01   5.8969225e-01   6.0372639e-01   1.8492766e+00  -3.3595460e-01   1.0119298e+00
   1.0000000e+00  -1.0288291e+00  -8.2980328e-02   2.2990230e-01   3.4896415e-01   5.6595506e-01  -2.4062070e+00   5.3771528e-01   2.0861980e+00  -8.0341437e-01  -5.2017081e-01
   2.0000000e+00   1.3935487e+00  -2.3722718e+00  -6.9679232e-01  -7.3777552e-01  -8.1846643e-01  -4.9461742e-02  -5.9074643e-01   6.7832915e-02  -1.6836535e+00  -9.5888281e-01
   2.0000000e+00   4.5942134e-01  -1.6844579e-01   7.4930883e-01   1.5282777e-01  -4.0785321e-01  -1.6366995e-01   4.7842192e-01   2.1438713e+00   1.7620091e+00   1.4999537e+00
   2.0000000e+00  -5.0580463e-01   1.7144199e+00   1.3213254e+00   8.4461889e-01   1.0032806e+00   3.9200025e-03  -9.5920549e-01  -2.8381275e-01  -1.2598557e+00  -7.7390788e-01
   2.0000000e+00  -6.7878420e-01   1.0063259e-01  -6.1829661e-01   1.4696616e-01   5.9944673e-01  -6.0105473e-01  -1.1810216e-01   5.4527722e-01  -4.0173521e-01   1.5537775e-01
   2.0000000e+00  -7.0688715e-01  -5.6509152e-01  -1.4713676e+00   2.0759335e-01   6.7434270e-01   2.9517428e-01   1.4128620e+00   8.4833197e-02  -1.5667602e+00   2.1897320e-01
   2.0000000e+00   1.2260570e+00   2.0318114e+00  -1.8123306e-02  -1.3426744e+00   3.3896008e-01   1.6378417e-01   1.0672365e+00  -4.7322672e-01   1.8539594e-01   1.2623988e+00
